9 4.95 0.5 0.15 0.2 0.2 0.5 0.4 0.53 0.15 0.09 0 0 0 0.9 1 1.1 1 0.31 1 0.31 1 0.31 5 1.55 7 0.75 25 0.7 0 2 0.62 3.23 -1
9 4.95 1 0.28 0.2 0 0.5 0.2 0.27 0 0 0 0 0 0 0 0 1 0.28 0 0 0 0 0 0 10 0.09 25 0.7 0 0 0 3.57 -1
50 5.7 4.5 2.08 0.18 0.18 0.7 0.2 0.73 0.03 0 0 0 0 1 1 0.99 1 0.46 1 0.46 1 0.46 6 2.77 10 0.64 25 0.98 0 1 0.46 2.17 -1
9 4.95 0 0 0.2 0 0.5 0.2 0.27 0 0 0 0 0 0 0 0 1 0.6 0 0 0 0 0 0 4 0.2 25 0.7 0 0 0 1.67 -1
9 4.95 4.5 1.57 1.21 1.21 0.85 0.8 0.6 0.13 0.27 0 0.6 0.47 1.25 1 0.79 6 2.09 1 0.35 6 2.09 12 4.19 7 1.63 5000 3.14 0.4 0 0 2.87 -1
6 4.78 5 1.24 0.42 0.21 0.6 0.2 0.8 0.03 0 0 0 0 0 0 0 2 0.5 1 0.25 1 0.25 1 0.25 32 0.06 1000 1.8 0.2 2 0.5 4.03 -1
6.6 4.82 0.5 0.38 0.21 0.21 0.2 0.2 0.27 0 0 0 0 0 1 1 0.99 1 0.77 1 0.77 1 0.77 2 1.54 4 0.6 5 0.14 0 0 0 1.3 -1
6.3 4.8 2.5 0.5 1.04 0.63 0.85 0.4 0.67 0.25 0.09 0 0.08 0.03 1.1 1 0.9 5 1.01 1 0.2 3 0.6 26 5.23 36 0.73 25 1.19 0.4 8 1.61 4.97 -1
5 4.7 0 0 0.21 1.7 0.55 0.4 0.8 0.18 0 0 0.3 0.36 1.08 0.5 0.46 1 0.21 2 0.42 8 1.67 22 4.58 20 1.1 100 1.1 0.3 0 0 4.8 -1
5 4.7 0 0 0.21 0.43 0.85 0.4 0.93 0.13 0 0 0 0 0.84 0.5 0.59 1 0.42 2 0.85 2 0.85 12 5.07 20 0.62 2000 2.81 0.3 6 2.54 2.37 -1
50 5.7 10.5 1.2 1.75 0.7 0.85 0.4 0.93 0.23 0.09 0 0.38 0.33 0.83 0 0 10 1.15 2 0.23 4 0.46 22 2.52 29 0.77 10000 3.4 0 4 0.46 8.73 -1
50 5.7 10 3 2.63 0.53 0.85 0.4 0.73 0.08 0 0 0.57 0.48 1 1 0.99 15 4.5 2 0.6 3 0.9 11 3.3 20 0.57 10000 3.4 0 4 1.2 3.33 -1
5 4.7 3.5 2.76 0.64 0 0.85 0.2 0.33 0 0 0 0 0 0 0 0 3 2.37 0 0 0 0 0 0 6 0.14 25 1.19 0.4 0 0 1.27 -1
29.7 5.47 20 6.67 1.46 0.37 0.85 0.95 0.93 0.65 1 0.67 0.52 0.46 1.06 1 0.94 8 2.67 2 0.67 2 0.67 85 28.33 87 0.98 5000 3.14 0.9 70 23.33 3 1
63 5.8 38.5 4.75 3.45 1.72 0.85 0.95 1 0.78 0.91 0.67 0.38 0.35 1.13 1.2 1.05 20 2.47 3 0.37 10 1.23 249 30.74 224 1.11 5000 3.14 0.9 108 13.33 8.1 1
29.1 5.46 44 2.24 8.6 2.56 0.85 0.95 1 0.58 0.45 0.5 0.35 0.37 1.09 1 0.91 47 2.39 3 0.15 14 0.71 243 12.36 598 0.41 2000 2.81 0.9 94 4.78 19.67 1
0.52 3.72 3 0.74 0.54 0.27 0.6 0.8 0.67 0.3 0.18 0 0.33 0.28 1.05 1.5 1.42 2 0.5 1 0.25 1 0.25 24 5.95 26 0.93 1000 1.8 0.9 5 1.24 4.03 1
7.2 4.86 3 1.14 0.41 0.21 0.65 0.8 0.73 0.15 0.45 0 0.2 0.19 0.92 1 1.08 2 0.76 1 0.38 1 0.38 8 3.04 11 0.75 0.005 -1.5 0.9 4 1.52 2.63 1
30.9 5.49 3 0.17 0.55 0.18 0.5 0.2 0.8 0.03 0 0 0 0 1 1 0.99 3 0.17 1 0.06 1 0.06 16 0.91 41 0.4 10000 2 0.9 6 0.34 17.5 1
7.47 4.87 13 2.11 1.64 0.82 0.85 0.95 0.93 0.35 0.64 0.67 0.42 0.4 1.16 1 0.85 8 1.3 1 0.16 4 0.65 51 8.27 50 1.02 5000 3.14 0.9 23 3.73 6.17 1
25 5.4 15.5 1.75 1.3 0.93 0.85 0.95 1 0.28 0.64 0.5 0.69 0.58 1.08 0 0 7 0.79 1 0.11 5 0.57 87 9.85 100 0.87 43386.389 3.94 0.9 27 3.06 8.83 1
7.84 4.89 25.5 2 2.66 1.84 0.85 0.95 0.87 0.63 0.82 0.5 0.27 0.25 1.06 1 0.93 13 1.02 3 0.23 9 0.7 149 11.67 164 0.91 1000 2.55 0.9 82 6.42 12.77 1
13.82 5.14 5.5 0.82 3.11 0.58 0.75 0.95 0.93 0.2 0.55 0.33 0.47 0.44 1.24 1.5 1.2 16 2.38 2 0.3 3 0.45 61 9.06 58 1.05 250 1.8 0.9 35 5.2 6.73 1
7.67 4.88 18 1.77 4.3 0.82 0.85 0.95 1 0.2 0.73 0.5 0.21 0.27 1.31 2 1.51 21 2.07 3 0.3 4 0.39 53 5.21 66 0.81 5000 3.14 0.9 12 1.18 10.17 1
3 4.48 3 1.36 1.12 0.22 0.55 0.95 0.87 0.03 0.18 0.33 0.17 0.13 1 1 0.99 5 2.27 1 0.45 1 0.45 12 5.45 18 0.68 500 1.48 0.9 6 2.73 2.2 1
0.54 3.73 6.5 0.38 0.54 0.8 0.2 0.95 0.6 0.3 0.09 0.33 0.5 0.38 1.23 0.0714285714 0.06 2 0.12 1 0.06 3 0.18 21 1.23 17 1.22 5 0.14 0.3 26 1.52 17.1 1
0.54 3.73 13 1.26 0.27 0.27 0.75 0.95 1 0.45 0.73 0.67 0.41 0.34 1.03 1 0.96 1 0.1 1 0.1 1 0.1 93 9.03 105 0.89 2.5 0.3 0.9 28 2.72 10.3 1
1.52 4.18 3 0.61 2.15 0.72 0.85 0.8 0.73 0.08 0.18 0 0.75 0.87 1.25 0 0 9 1.84 2 0.41 3 0.61 21 4.29 25 0.85 50 1.44 0 2 0.41 4.9 1
1.35 4.13 28.5 2.46 2.91 0.73 0.85 0.95 0.93 0.25 0.55 0.33 0.37 0.42 0.96 1.5 1.55 12 1.03 1 0.09 3 0.26 70 6.03 74 0.95 100 1.7 0.9 40 3.45 11.6 1
3.04 4.48 2 0.57 1.34 0.45 0.85 0.95 0.8 0.43 0.45 0.33 0.4 0.51 0.95 0.6 0.62 6 1.7 2 0.57 2 0.57 23 6.51 34 0.69 55 1.48 0.2 16 4.53 3.53 1
8.8 4.94 10.5 1.3 1.82 1.01 0.85 0.95 0.87 0.6 0.55 0.83 0.58 0.62 1.1 2 1.8 9 1.12 1 0.12 5 0.62 103 12.77 114 0.9 5000 3.14 0.9 77 9.55 8.07 1
4.46 4.65 17.5 1.91 1.94 1.29 0.85 0.95 0.93 0.13 0.27 0.17 0.14 0.23 0.82 0.0357142857 0.04 9 0.98 5 0.55 6 0.65 12 1.31 58 0.22 5000 3.14 0.9 5 0.55 9.17 1
0.86 3.93 13.5 3.58 1.52 0.25 0.6 0.8 0.93 0.18 0.45 0.17 0 0 0.72 1 1.38 6 1.59 1 0.27 1 0.27 7 1.86 38 0.21 10000 2.4 0.9 0 0 3.77 1
28.7 5.46 24.5 6.13 2.75 1.1 0.5 0.95 0.93 0.63 0.64 0.5 0.52 0.48 1.12 1 0.89 15 3.75 3 0.75 6 1.5 121 30.25 126 0.96 62505 2.4 0.9 105 26.25 4 1
